358 269 394 314 26 128 955 267 865 183
921 84 607 781 186 482 630 474 110 551
755 185 786 391 992 222 446 301 81 418
30 139 124 149 36 450 375 21 533 460
709 676 733 778 604 576 321 87 726 395
911 591 783 200 486 47 609 138 324 542
675 968 851 879 812 625 534 156 523 257
171 998 733 27 114 322 317 147 0 535
537 711 410 403 717 443 673 130 665 543
598 690 218 307 497 286 37 638 352 158
765 208 18 275 893 548 838 310 46 768
639 568 811 799 672 583 118 656 732 138
57 74 174 331 162 546 486 839 12 86
890 451 898 375 134 966 665 412 924 840
288 384 508 353 541 508 700 167 11 379
10 278 509 395 131 109 542 826 420 676
311 4 712 307 102 625 765 984 924 720
608 615 959 494 877 812 155 603 345 366
294 324 941 47 340 806 650 160 581 418
557 761 276 361 94 957 84 492 899 265
410 683 51 554 124 163 572 799 785 763
663 66 270 832 639 192 541 675 248 70
244 160 920 810 142 812 310 713 68 95
614 759 5 463 132 892 17 790 978 92
573 88 324 334 802 632 75 534 687 856
635 964 519 759 392 240 187 2 556 343
338 983 179 518 932 228 198 786 731 612
315 531 979 184 273 477 180 571 64 315
577 733 682 541 373 479 241 711 699 124
614 895 944 645 656 794 623 958 507 274
689 683 452 831 675 772 613 390 165 378
362 27 175 782 562 522 948 702 643 922
485 163 53 802 409 267 630 262 346 756
86 598 116 513 888 718 494 896 425 506
556 900 970 411 135 86 813 638 782 765
321 947 861 901 915 631 463 198 194 589
814 294 745 872 18 742 834 658 24 526
230 511 975 166 689 607 967 195 892 910
689 506 388 263 108 228 254 548 898 117
806 136 941 11 794 663 701 174 732 400
246 279 884 958 900 21 121 319 932 120
896 361 588 248 876 836 699 511 301 643
676 867 18 285 224 303 356 162 456 365
699 832 928 169 61 358 94 778 896 309
57 431 295 600 252 535 464 452 571 844
190 936 615 366 449 999 474 144 881 112
553 541 766 613 604 886 565 3 419 134
520 311 899 991 631 760 658 428 9 36
245 489 680 632 423 445 79 898 282 243
83 179 500 784 80 558 678 290 387 543
638 402 283 411 217 595 771 54 678 727
496 417 671 193 609 150 652 850 834 380
803 783 163 485 211 401 228 562 214 764
965 565 358 80 104 525 132 661 550 458
502 653 908 797 591 13 392 669 931 728
880 598 153 722 879 315 473 40 761 937
215 49 825 456 177 943 831 356 66 416
300 115 615 825 202 912 206 750 656 295
386 354 834 858 843 521 499 732 341 844
284 730 627 288 904 760 382 376 665 381
124 90 22 966 621 911 352 609 454 864
160 75 873 8 493 804 913 505 290 510
597 499 542 637 757 11 841 115 522 705
730 499 955 999 439 851 794 422 487 847
796 459 442 974 558 897 662 258 619 55
495 108 860 528 848 278 102 848 364 673
416 216 514 271 617 357 210 426 943 584
341 584 224 478 247 273 650 854 287 76
194 742 98 981 147 185 820 760 819 389
582 709 748 933 465 147 28 987 550 370
691 756 206 717 268 484 510 477 508 728
550 96 730 407 599 735 330 237 581 786
400 921 157 101 884 578 662 993 882 362
184 774 830 203 454 804 9 105 661 959
780 677 627 9 766 963 672 796 175 455
720 701 402 297 100 440 462 70 869 892
428 585 710 629 394 623 9 190 31 121
126 716 228 781 552 204 384 206 510 835
888 156 748 923 904 855 499 977 672 891
330 155 44 758 338 933 470 610 648 783
78 577 560 55 826 992 33 41 649 975
858 568 256 137 315 311 163 354 64 573
622 676 735 816 107 136 484 473 699 700
588 306 666 242 547 818 23 80 141 281
531 260 456 658 702 564 545 612 588 60
936 656 492 865 492 709 398 828 56 641
51 823 954 975 483 435 163 287 551 575
598 27 507 759 408 228 185 12 637 901
638 965 808 845 419 27 324 327 34 229
343 329 436 955 402 306 2 115 787 800
673 511 879 908 605 915 614 509 531 844
655 491 62 396 214 834 671 175 98 176
597 537 752 22 525 781 390 567 338 807
208 751 274 163 234 393 439 493 181 472
349 546 929 638 146 280 902 784 851 877
666 251 111 260 220 572 336 163 661 945
564 629 769 298 293 818 189 383 310 621
124 655 658 2 318 84 134 391 832 982
93 965 341 787 811 892 114 41 530 135
925 939 641 149 386 628 442 455 568 836
284 533 654 125 290 528 868 142 570 856
545 554 26 387 910 519 122 23 201 265
672 612 732 143 487 832 183 600 64 989
971 137 880 689 495 528 925 309 98 663
289 462 145 566 735 457 441 62 131 64
507 113 248 978 136 271 974 13 224 281
912 260 833 660 85 59 971 441 313 923
449 148 514 758 50 730 361 608 280 192
29 666 395 738 698 574 894 635 719 485
140 479 116 585 748 215 563 126 504 487
862 888 593 771 391 325 944 207 446 851
683 473 199 569 575 678 504 292 979 690
617 114 529 8 929 777 938 435 989 990
977 728 730 670 348 239 610 888 77 291
272 820 864 33 734 929 547 288 152 348
854 527 346 912 423 314 927 753 622 278
385 528 154 326 962 177 507 360 559 401
234 138 175 261 428 733 101 811 312 430
433 343 673 782 411 58 831 803 139 581
109 482 812 623 673 533 278 474 310 884
430 51 557 410 680 638 390 120 397 875
126 811 438 335 574 329 360 138 75 916
876 436 515 769 787 867 912 170 509 999
297 916 119 560 795 578 793 634 392 36
851 356 773 403 569 700 501 179 528 243
285 683 461 652 542 199 694 443 331 480
10 454 904 905 747 263 668 304 424 601
166 812 391 767 657 466 185 789 12 4
151 15 363 893 47 702 722 790 958 712
953 337 615 226 597 289 777 569 732 959
278 611 903 766 80 632 278 852 346 378
545 168 153 532 760 979 946 614 287 246
808 323 428 751 91 272 442 556 354 706
271 217 221 677 750 311 311 499 136 919
551 425 894 952 243 274 204 813 71 299
162 171 243 157 249 175 344 328 325 998
148 634 744 29 988 958 823 17 822 204
564 271 833 795 840 234 432 630 545 326
904 76 55 392 773 757 299 820 668 448
921 140 868 111 315 691 364 77 822 676
883 217 329 345 158 78 829 52 897 723
201 113 324 474 96 534 850 984 211 265
568 371 431 579 159 394 146 262 448 479
246 147 816 9 214 94 841 269 182 188
165 764 405 332 905 359 669 185 277 598
865 376 89 120 236 391 771 275 357 114
73 437 338 25 873 235 818 740 944 763
726 513 40 954 670 656 949 364 148 46
109 284 102 844 769 252 303 414 877 773
669 624 425 308 296 801 824 611 481 203
60 533 748 358 364 503 412 926 303 560
553 445 605 972 362 108 344 96 475 41
123 417 449 233 401 795 792 762 225 957
962 587 878 587 316 418 732 614 686 701
690 33 233 113 998 189 221 16 686 970
748 760 141 837 278 191 173 413 431 630
22 807 377 380 887 283 112 788 334 214
530 253 484 648 117 386 245 895 771 745
805 904 510 592 382 354 286 927 268 125
586 764 617 593 962 990 317 737 127 335
630 93 406 105 192 933 749 384 89 158
64 743 792 618 180 485 702 465 886 440
131 745 843 297 39 304 406 457 331 619
243 847 162 245 607 811 305 943 947 51
832 830 774 495 976 981 230 921 683 919
353 375 42 137 293 976 693 235 0 768
572 507 465 435 574 105 898 594 305 537
2 20 559 758 443 239 3 375 316 980
398 639 276 760 400 545 708 519 283 923
295 486 240 993 670 967 618 631 690 134
421 396 613 711 908 60 741 596 258 589
447 235 189 666 614 979 34 745 37 505
872 167 561 586 763 508 960 909 899 949
431 886 93 832 972 335 782 810 792 728
533 606 992 754 650 737 704 658 87 674
451 616 104 584 987 124 414 461 196 252
256 593 968 634 989 553 871 475 428 613
26 884 805 997 112 593 575 396 248 369
657 921 420 871 662 974 381 404 940 163
289 334 663 975 102 687 84 555 772 578
996 546 762 657 805 308 20 578 441 357
781 770 344 951 370 814 703 51 296 389
167 878 761 276 785 583 494 161 943 524
802 910 794 104 882 647 919 657 11 320
608 464 356 191 702 622 147 62 940 849
92 333 298 918 710 948 835 710 941 143
595 669 162 47 128 27 582 536 755 304
488 462 799 670 337 750 261 973 579 451
279 344 387 949 955 907 549 444 82 737
102 10 77 702 536 923 675 323 883 173
826 847 59 632 735 752 623 701 636 876
408 393 463 652 276 896 648 867 605 575
15 721 275 151 979 268 996 950 787 325
892 685 729 382 990 745 160 769 164 618
436 946 217 498 182 156 636 489 276 932
211 584 818 841 213 303 133 813 458 929
109 652 933 527 879 821 103 387 373 833
355 248 699 798 230 719 524 595 815 868
901 555 611 726 939 274 351 740 671 641
148 815 242 147 654 301 18 913 188 502
44 27 928 302 198 970 790 954 788 136
689 479 991 934 128 200 957 601 31 995
672 34 709 765 284 689 312 310 750 375
318 674 645 858 703 59 957 383 137 933
110 405 916 775 660 832 319 658 905 624
318 761 520 402 246 459 105 486 412 155
858 671 134 442 759 157 182 275 857 202
436 867 945 99 366 563 997 939 986 178
689 369 200 271 26 370 351 225 321 130
324 699 81 981 820 953 801 754 983 10
523 721 533 90 905 163 334 285 735 141
274 329 808 88 927 943 482 686 586 18
468 918 86 682 989 348 126 613 253 125
236 573 867 281 150 370 934 290 391 907
108 100 711 791 346 504 903 400 743 222
525 323 721 284 901 27 229 391 558 417
926 482 350 802 736 454 487 445 65 350
125 862 914 603 5 562 694 371 108 724
846 339 251 942 528 225 488 898 907 547
58 410 846 642 159 955 827 638 416 474
690 625 882 543 261 371 30 221 986 645
517 821 375 507 56 601 517 397 958 483
868 537 90 458 254 909 630 256 126 445
886 948 993 897 81 543 282 551 522 110
44 250 205 625 76 981 307 232 558 292
578 101 46 230 819 617 279 91 323 842
776 643 638 515 573 766 619 98 827 615
697 680 238 315 448 493 90 439 880 333
837 21 787 527 165 122 457 655 186 250
877 402 751 800 294 566 705 356 685 610
464 860 861 120 430 712 440 580 676 747
982 624 216 22 213 253 149 487 498 792
928 565 34 350 113 543 605 135 204 997
999 41 335 97 660 120 870 400 662 248
716 628 476 386 810 298 785 26 485 978
11 139 968 503 544 406 291 886 664 557
849 223 922 839 213 846 896 144 789 896
782 315 946 471 540 23 146 109 824 31
251 553 994 106 624 871 726 449 788 421
831 807 854 292 587 461 625 235 700 494
824 595 951 762 504 733 571 543 774 914
249 176 275 855 429 46 531 192 462 425
788 78 114 394 4 912 993 448 550 173
537 319 146 436 291 637 127 616 589 984
62 136 528 835 690 779 851 343 871 317
232 283 1 157 594 334 799 89 735 229
804 914 134 145 438 258 870 176 996 645
715 810 765 297 810 779 452 534 80 298
835 742 404 953 810 173 820 80 834 74
150 869 435 34 865 515 163 473 222 362
678 560 431 350 362 94 493 180 910 419
305 135 329 27 556 784 771 671 627 260
425 122 979 337 25 926 281 835 623 825
773 691 878 577 702 626 575 398 904 292
511 821 174 360 417 492 426 887 66 355
899 746 993 679 239 814 247 666 804 608
51 531 265 171 38 752 264 344 265 879
862 720 24 409 428 354 972 975 34 119
343 50 527 534 35 10 351 216 748 756
765 276 545 358 426 912 922 640 942 451
306 955 63 918 65 258 624 980 390 112
201 1 111 257 460 998 958 538 189 175
475 882 434 778 921 807 257 13 920 118
739 124 890 566 139 7 60 357 899 212
484 703 492 194 607 333 348 968 290 467
461 616 533 218 410 594 536 31 154 302
955 418 396 179 567 475 611 964 412 56
979 151 935 150 883 966 526 977 88 600
270 292 230 628 766 856 279 856 621 687
694 739 638 408 815 119 686 748 222 732
735 132 931 705 739 797 420 886 514 513
403 145 393 517 936 333 294 948 936 874
27 336 657 612 429 715 115 69 255 236
654 735 891 240 711 867 373 844 309 445
226 525 163 744 871 883 329 844 9 73
655 641 877 130 197 955 560 162 902 382
371 233 675 428 149 271 476 643 823 1
381 560 771 662 845 303 32 964 629 537
817 606 929 585 979 118 951 487 246 746
678 594 39 358 901 344 651 824 517 406
71 430 370 344 524 749 939 661 618 108
21 248 931 372 71 618 287 787 881 243
168 412 135 131 736 257 782 232 209 645
66 11 274 613 96 514 205 462 527 771
608 756 462 961 286 513 833 378 58 943
258 709 549 803 993 205 532 642 103 32
945 995 70 969 965 713 665 563 356 90
878 368 808 491 715 722 828 297 596 613
452 790 673 940 546 226 976 790 990 151
749 549 296 224 143 857 251 697 370 74
795 902 236 693 535 622 133 982 486 963
122 367 485 501 11 878 304 764 427 947
43 18 993 216 238 579 481 73 516 665
775 379 750 304 66 230 207 140 259 683
28 211 646 847 972 91 6 515 736 371
381 455 213 545 937 832 303 630 286 992
970 845 178 240 646 738 183 765 401 146
794 656 785 443 664 570 560 149 717 551
607 406 939 447 196 629 742 693 338 674
894 390 274 186 857 265 447 680 81 850
405 40 627 247 465 430 681 610 203 789
342 151 285 305 44 601 553 455 932 746
566 359 575 943 231 184 524 614 326 870
894 983 486 912 365 38 53 483 792 345
655 782 956 928 8 732 788 616 235 184
968 800 837 240 801 951 860 273 32 861
873 782 936 370 542 785 184 709 168 988
533 558 453 77 876 455 510 315 869 836
824 693 794 742 875 305 98 42 29 648
710 925 177 964 988 936 946 750 648 255
544 28 188 837 530 256 426 141 998 790
446 647 70 831 50 834 102 425 711 655
904 455 120 839 39 6 304 970 618 94
924 956 400 494 858 190 693 648 415 798
313 822 233 571 681 906 515 821 184 858
387 199 532 556 261 615 973 349 93 231
491 830 900 817 633 343 137 583 420 572
739 857 558 918 363 294 854 504 832 243
843 376 51 193 504 449 311 216 675 851
101 748 311 141 892 580 783 994 93 375
916 950 680 562 386 541 401 939 229 307
893 900 428 610 212 299 164 204 629 42
935 516 15 742 128 249 511 208 206 931
57 989 512 217 405 52 699 690 83 383
68 751 40 933 905 203 138 122 999 122
203 979 517 913 176 701 588 650 880 464
862 950 450 254 731 484 437 532 107 56
67 105 734 392 32 955 665 239 499 72
552 791 637 788 423 72 239 737 830 995
26 834 777 381 20 329 624 194 513 248
92 521 295 986 126 454 452 967 384 78
836 395 936 736 32 853 567 384 975 691
160 757 219 596 315 872 338 629 757 979
6 675 219 132 950 207 510 669 84 376
575 103 110 757 609 656 387 466 572 393
457 366 202 881 506 29 467 535 453 920
123 966 828 259 736 22 625 28 861 362
50 107 124 178 364 136 52 174 698 802
768 733 116 486 470 997 414 530 985 449
941 537 122 62 854 836 480 763 42 208
716 787 975 175 675 42 97 941 256 304
707 840 510 213 595 262 179 188 264 467
286 129 40 570 545 336 546 84 577 691
12 558 495 871 260 472 163 95 749 803
727 581 101 139 639 431 115 484 290 701
223 72 819 70 446 254 543 43 302 884
736 877 461 119 359 90 215 16 661 978
765 469 880 194 938 275 781 167 356 725
855 154 350 435 735 188 901 796 375 819
540 651 18 902 863 667 52 366 150 918
132 714 436 757 473 698 845 816 163 633
66 849 921 684 951 77 813 91 819 578
738 899 836 829 851 701 595 401 621 889
946 936 110 437 792 296 426 378 508 108
296 208 691 165 842 351 411 892 192 563
490 570 960 281 140 488 341 9 876 531
119 977 162 995 931 408 824 668 857 729
977 711 781 376 609 187 209 119 796 20
738 689 370 495 54 201 306 244 345 183
128 679 809 846 940 320 519 420 939 318
582 153 156 282 795 587 869 640 378 929
30 544 531 320 152 32 514 183 903 256
706 333 614 636 65 938 810 236 968 940
395 481 798 27 900 629 364 764 973 893
619 840 588 339 486 515 313 415 762 98
7 928 332 456 686 464 398 860 491 648
500 81 15 385 124 155 776 878 905 329
925 842 406 499 366 956 148 179 578 781
440 271 49 1 185 187 986 168 879 581
599 212 252 397 31 235 59 483 66 575
926 593 732 239 101 401 424 673 393 608
591 668 980 610 122 602 920 0 933 281
517 963 234 73 159 488 954 970 193 543
706 841 96 998 651 576 376 185 568 217
344 164 944 635 457 494 52 166 595 246
185 71 527 937 819 800 984 806 264 166
234 425 964 200 278 246 412 851 930 606
821 429 144 177 20 585 753 666 171 809
478 611 274 80 667 816 100 587 438 21
470 339 466 909 731 46 422 314 481 41
908 755 561 870 654 871 74 759 986 501
396 138 647 173 16 926 786 175 217 697
665 988 537 283 356 37 683 55 88 691
111 292 743 733 209 906 823 244 266 202
728 279 193 4 49 637 899 389 324 902
94 584 426 949 310 268 315 13 376 857
397 939 697 160 476 455 425 653 793 473
839 22 703 147 357 448 6 324 273 558
147 351 887 614 738 340 651 554 453 445
874 734 572 796 4 469 484 528 544 420
583 781 769 313 418 612 478 679 173 568
172 961 904 332 147 668 979 304 813 644
720 597 130 292 697 951 633 381 850 619
176 104 247 70 809 183 802 990 282 473
299 587 870 474 46 317 220 202 685 598
726 18 262 555 887 171 721 868 121 285
683 581 780 162 780 510 749 498 794 128
65 939 946 554 43 207 88 145 981 201
519 772 687 692 859 115 199 329 132 957
406 476 822 254 115 48 828 695 282 34
369 239 690 167 442 819 46 315 599 402
498 282 441 486 895 641 436 578 361 152
849 794 627 117 95 970 260 847 727 787
451 603 302 271 203 783 17 42 483 31
31 700 157 218 172 969 709 637 528 439
868 619 465 835 554 940 901 940 654 522
650 304 121 866 124 333 734 534 572 420
666 733 385 56 975 470 809 566 310 627
106 342 104 615 516 774 904 434 617 501
285 483 153 25 796 975 367 871 9 897
43 488 45 974 792 343 108 441 265 757
943 247 473 350 953 278 493 780 988 115
345 964 56 638 120 243 260 65 346 128
82 45 320 2 693 114 74 288 467 178
103 936 194 736 593 553 586 445 123 402
477 178 554 776 197 874 630 616 448 825
679 481 739 944 817 34 159 232 363 916
69 756 178 422 733 974 461 830 745 251
491 273 900 434 651 887 457 861 967 84
543 192 356 920 363 789 828 513 171 709
135 538 847 570 450 307 513 478 265 100
922 602 285 987 734 876 648 21 700 450
514 916 67 971 798 79 20 139 123 671
401 808 13 9 958 476 491 136 669 263
724 501 576 865 116 991 942 664 669 2
500 111 183 426 448 688 509 23 316 590
989 659 635 234 409 571 226 465 307 33
647 18 772 197 949 961 491 561 760 95
776 154 547 673 905 742 514 738 160 911
168 990 275 454 337 418 707 793 150 602
370 253 840 900 305 37 761 652 316 840
278 801 683 97 616 356 928 917 953 291
223 150 858 514 779 345 440 531 46 718
289 894 341 41 125 545 664 216 164 442
975 665 711 925 166 663 783 535 662 644
113 906 597 307 513 974 686 999 576 667
320 101 370 827 216 452 79 371 296 247
284 757 472 39 710 510 743 132 499 283
635 988 59 779 615 896 828 164 602 337
396 960 889 967 272 343 249 916 138 913
859 91 127 595 330 675 113 868 652 53
608 546 771 446 721 799 632 926 122 299
795 135 701 786 496 767 45 743 606 244
700 808 443 597 325 948 280 923 102 442
307 218 479 365 496 553 420 413 63 986
548 146 933 291 632 935 579 952 675 577
395 689 156 219 16 315 669 917 31 937
403 178 876 523 746 986 13 641 424 728
363 267 972 235 594 737 947 740 756 318
974 828 427 880 104 476 590 495 110 248
779 805 477 818 685 102 459 618 769 468
829 940 278 186 975 450 418 601 147 964
239 489 185 479 982 732 968 838 678 193
677 856 204 55 649 529 134 513 599 985
94 67 761 283 831 109 849 992 323 673
132 261 340 618 737 809 972 731 524 476
342 282 813 192 352 536 501 848 165 27
919 722 313 635 891 63 639 705 579 621
47 561 554 306 77 65 947 245 786 637
215 11 76 530 759 674 222 675 753 618
42 790 605 706 265 608 812 739 327 132
458 402 398 501 215 453 761 921 48 339
630 530 134 499 39 121 8 544 769 141
966 825 126 845 1 835 271 749 349 694
15 583 533 370 578 473 538 958 28 172
746 637 394 250 829 9 524 165 711 525
657 682 410 249 928 462 611 807 138 720
750 902 939 574 11 264 328 405 623 227
276 501 108 561 65 804 790 893 158 669
77 48 780 149 481 666 165 741 306 303
8 246 535 494 715 385 217 450 466 319
970 925 436 912 104 737 254 978 274 976
619 734 894 992 355 289 462 38 925 421
618 265 990 714 6 420 631 926 816 630
676 962 516 843 467 668 293 138 962 572
783 640 966 81 462 183 253 668 934 973
962 598 250 297 730 520 878 988 735 802
264 870 292 531 824 455 886 548 118 136
938 450 464 384 355 982 175 247 772 750
616 784 382 190 76 369 309 892 680 434
937 245 375 853 175 223 790 331 554 346
701 783 563 916 379 301 763 269 973 930
148 0 385 645 166 264 414 208 693 584
96 14 320 1000 647 694 900 165 485 862
911 40 374 2 925 656 403 624 759 288
57 777 439 551 248 467 398 997 206 934
881 163 773 461 700 265 885 575 70 60
56 247 964 406 806 685 495 595 620 944
596 485 629 71 276 397 512 569 179 762
394 611 736 545 487 159 202 864 367 93
333 106 953 202 598 308 98 830 421 292
919 643 140 405 119 334 301 307 999 356
196 800 464 26 362 268 210 652 220 513
879 116 21 985 226 729 127 24 4 412
535 163 670 843 344 688 547 115 629 523
967 832 128 616 166 147 38 922 213 604
646 236 985 457 200 402 838 506 371 683
186 724 910 381 68 955 428 989 730 720
151 693 846 932 975 215 628 735 806 21
632 344 925 705 757 412 929 691 249 146
297 568 158 545 907 108 647 320 287 99
305 673 133 771 864 238 776 604 538 701
530 248 834 921 610 325 194 163 457 646
959 537 369 659 691 903 208 729 897 582
431 689 104 423 89 295 123 452 17 671
994 370 83 512 203 401 21 221 441 16
901 359 585 176 221 136 344 284 288 42
448 186 262 76 965 27 279 865 509 432
543 345 591 577 186 748 32 362 740 850
570 173 644 465 281 902 710 724 983 919
123 472 322 438 695 65 705 874 424 557
285 132 906 573 704 458 896 491 312 37
173 671 636 216 965 890 54 992 440 356
222 489 605 68 252 665 984 485 597 471
212 688 92 137 597 347 889 348 141 802
226 28 245 404 122 566 4 670 791 878
651 127 993 96 290 36 923 133 281 691
448 20 924 674 753 218 453 248 176 321
935 379 42 698 546 509 472 651 598 945
681 772 45 631 954 284 271 32 946 607
798 56 114 707 728 797 78 875 703 589
97 97 203 433 385 791 645 509 541 591
804 674 828 585 95 146 803 366 393 589
577 557 998 57 598 785 807 547 926 936
553 54 948 120 826 78 286 593 573 789
995 395 871 684 392 750 458 738 363 828
801 136 243 14 718 445 398 628 836 388
301 506 456 71 798 952 845 108 87 616
906 48 535 421 271 243 200 314 419 531
996 631 679 81 367 666 425 687 481 106
689 59 433 669 196 906 782 530 624 942
398 428 477 371 659 809 157 354 206 466
628 894 750 358 220 651 744 523 119 702
880 115 698 730 958 213 598 249 8 941
971 92 91 161 442 215 255 799 637 962
802 355 403 750 285 983 789 600 715 169
711 977 876 251 791 28 289 974 145 752
965 958 270 964 7 989 709 653 201 975
862 886 286 696 288 60 167 674 89 519
285 520 987 303 309 825 550 761 672 989
373 198 679 568 757 556 456 803 233 784
644 507 174 551 347 839 483 722 271 369
784 913 129 558 1000 515 52 969 423 398
79 279 894 389 81 608 577 193 138 351
255 871 997 191 332 226 833 531 94 495
910 631 228 400 41 968 25 745 785 791
843 265 828 347 986 51 151 47 920 13
802 186 429 577 713 418 547 950 366 856
413 773 306 368 68 138 865 391 870 834
713 984 822 396 278 89 310 276 168 449
733 657 782 924 903 534 559 677 940 368
750 952 231 539 825 509 213 709 581 601
790 965 923 58 539 621 782 707 234 850
995 706 501 753 144 676 319 608 169 806
16 921 857 995 402 945 414 365 861 225
76 670 575 3 37 816 976 846 889 11
328 483 643 380 822 995 630 853 686 51
906 798 58 139 370 577 17 587 740 586
552 809 516 944 344 127 168 869 69 169
379 395 64 244 726 172 564 334 955 251
311 297 848 237 852 644 818 896 902 144
222 137 883 67 485 342 751 831 247 489
639 904 271 36 522 181 171 53 989 769
627 560 444 60 417 917 346 423 234 621
332 707 480 170 633 68 388 534 162 953
125 267 361 186 232 564 338 200 759 16
763 773 310 605 108 623 509 432 880 25
39 542 335 29 22 143 559 211 571 334
539 958 327 783 958 408 428 13 253 141
107 9 285 93 715 603 922 932 351 436
609 137 63 832 200 189 984 391 681 165
463 546 606 233 262 315 320 547 387 152
745 300 510 87 8 319 770 437 986 117
157 538 440 636 627 528 884 589 966 583
593 753 367 83 983 242 20 298 348 829
428 297 927 621 155 53 713 771 414 327
301 605 690 590 838 105 231 333 20 119
933 367 393 142 102 108 398 855 249 844
844 930 952 4 128 698 933 589 490 452
547 113 119 28 34 609 497 677 554 898
910 478 150 628 466 635 622 487 871 505
819 768 196 484 724 187 86 120 345 920
625 486 238 454 536 717 418 36 634 790
921 941 403 596 636 687 826 738 75 202
362 715 61 260 902 171 310 383 277 530
799 542 450 383 564 402 398 867 606 466
132 387 233 222 31 2 380 392 133 764
745 510 300 114 196 159 257 224 712 588
574 573 901 901 924 82 516 492 317 461
227 951 787 741 469 145 195 356 745 526
148 792 977 152 211 796 104 34 671 398
326 191 668 550 41 118 796 632 829 408
594 824 643 236 201 704 899 630 342 59
163 552 989 276 322 63 237 387 444 4
484 155 941 249 126 682 262 926 755 601
711 117 949 360 183 399 339 714 533 270
413 576 96 678 536 822 402 231 236 912
521 552 379 378 643 270 528 734 402 600
260 741 429 206 17 544 354 60 426 617
922 676 968 424 426 139 833 351 319 898
404 941 831 152 835 577 884 813 394 540
683 14 469 878 175 154 606 267 439 989
342 69 992 782 211 138 286 132 133 189
435 160 974 98 163 485 867 572 875 797
961 647 890 408 987 225 554 37 716 799
925 108 438 380 157 179 894 769 312 582
602 223 323 112 516 957 297 529 217 364
308 839 437 157 79 958 407 620 290 674
487 154 503 986 296 501 97 774 823 251
445 989 230 666 238 659 963 716 860 201
914 670 956 82 222 674 600 605 824 814
637 741 769 357 254 500 683 909 113 14
176 382 331 88 763 612 851 717 228 44
348 337 160 780 311 51 760 681 866 444
195 262 881 137 628 334 864 745 442 363
588 431 170 770 347 291 766 167 287 646
770 94 166 882 750 3 969 82 912 766
387 611 875 591 449 82 943 863 32 285
892 956 675 413 550 257 180 298 895 534
677 645 782 47 823 471 672 895 270 742
507 393 886 933 782 436 549 866 679 10
986 166 746 327 360 221 897 540 696 117
702 356 82 102 367 623 23 794 803 893
217 105 583 880 430 445 902 380 886 825
830 132 157 225 394 891 307 824 45 926
0 957 920 610 366 134 938 488 542 213
462 126 754 388 795 954 809 366 149 774
894 955 402 141 941 454 810 618 475 551
847 685 91 614 957 708 460 733 391 87
203 246 810 574 157 333 508 936 120 429
2 891 304 594 111 766 972 817 801 4
863 748 539 771 342 553 758 252 792 83
68 893 886 225 200 799 152 553 663 132
510 167 774 681 483 417 733 401 386 323
394 521 779 931 893 99 737 146 601 22
448 855 871 632 928 244 287 138 121 130
171 978 111 403 508 468 165 191 591 877
381 325 273 347 862 425 875 479 62 723
149 995 297 629 846 615 142 543 814 268
388 753 626 794 931 64 104 874 29 251
450 957 315 981 716 395 914 328 746 279
200 856 467 73 168 560 810 360 339 421
408 888 251 589 561 2 274 130 673 921
565 875 831 539 30 886 185 340 199 12
558 605 283 532 206 940 624 615 785 726
135 450 714 754 703 964 22 285 709 826
328 575 24 793 238 46 185 788 214 0
315 772 613 382 808 884 784 74 152 419
293 883 48 768 516 63 825 554 294 430
711 574 264 735 376 706 830 949 484 235
358 888 595 572 752 614 479 297 285 312
622 599 565 533 738 473 416 650 41 75
861 56 965 763 203 795 979 146 495 199
378 19 404 270 498 226 481 362 282 314
316 658 569 958 426 215 856 907 984 266
806 371 919 756 270 382 529 311 313 943
966 700 88 730 530 303 277 1000 307 165
531 917 472 303 965 893 530 955 348 365
366 813 430 419 726 860 943 22 487 772
302 642 659 759 74 178 606 792 343 1
360 69 209 665 345 772 603 495 977 7
692 866 318 381 141 49 658 640 229 780
641 210 502 537 954 561 587 363 371 856
321 79 260 28 798 760 765 766 903 174
344 804 395 926 421 769 157 333 531 719
134 610 955 281 658 635 422 481 484 319
322 792 514 556 408 576 151 580 295 927
82 925 175 681 89 441 62 934 96 910
76 99 652 865 744 905 307 833 847 978
437 365 340 98 422 573 147 106 196 557
646 729 487 252 965 78 510 518 274 905
494 624 406 113 7 683 104 996 907 701
679 555 310 654 984 93 374 889 139 605
267 115 730 501 357 490 940 867 565 390
118 112 691 430 695 120 318 343 704 213
761 728 710 163 269 890 803 762 786 944
609 378 278 387 801 499 283 224 789 490
819 520 520 310 193 86 706 133 299 593
987 562 109 923 314 91 700 697 361 481
378 747 785 217 965 323 39 167 767 600
283 430 528 885 966 381 451 979 945 547
869 410 718 16 680 790 279 385 320 610
842 937 696 558 989 869 974 197 131 616
987 240 574 681 32 364 484 333 299 351
899 829 214 415 186 1000 14 560 169 821
204 236 673 759 822 668 385 625 26 648
686 190 684 95 656 254 384 386 752 425
355 129 639 456 383 772 603 62 764 150
179 938 203 628 669 857 291 757 709 233
461 823 455 983 0 684 974 879 930 335
351 441 375 712 15 818 803 569 744 980
463 394 360 984 711 230 2 95 860 742
847 593 435 298 104 160 100 273 686 182
211 960 873 461 429 564 868 642 871 431
287 315 11 893 12 816 65 904 718 239
684 987 700 960 948 948 806 535 534 634
886 267 60 381 697 659 712 813 478 124
296 637 828 178 450 475 279 943 269 131
189 819 589 796 933 408 2 625 327 738
235 828 212 393 518 19 453 932 569 354
330 896 960 724 513 961 636 361 686 881
742 316 827 621 217 553 422 630 650 319
673 696 732 422 125 429 171 459 137 126
912 820 997 393 40 824 485 815 506 132
560 276 543 712 34 450 895 383 385 70
277 943 92 802 735 557 995 633 48 374
441 99 774 62 507 279 231 545 299 126
355 884 911 957 673 70 47 112 721 86
458 232 579 497 257 368 264 121 799 805
913 35 847 985 847 936 422 35 794 618
987 580 668 936 577 53 60 684 99 708
855 963 454 293 174 750 287 570 780 764
104 607 616 851 275 341 202 970 387 906
651 418 173 452 662 133 930 316 384 407
513 870 695 699 218 632 785 958 772 487
560 515 101 467 300 84 985 248 982 487
109 78 491 183 171 151 978 524 808 358
930 128 666 192 180 920 485 358 519 851
110 295 636 415 540 543 471 358 242 851
579 486 8 701 124 116 920 854 740 24
413 719 60 201 348 938 276 757 311 534
755 70 222 520 476 456 528 522 253 505
166 357 328 808 823 817 82 817 648 799
811 337 425 752 469 929 909 971 141 688
121 853 62 593 820 994 415 280 858 256
991 277 307 164 900 465 527 722 75 541
584 656 269 909 794 685 360 304 64 800
724 476 859 162 285 124 233 275 861 51
309 369 164 4 448 68 243 751 38 986
618 287 28 790 349 39 387 79 472 398
409 861 619 915 962 59 123 829 506 405
581 997 516 737 35 475 91 274 897 8
840 556 474 322 406 790 814 385 592 275
800 110 166 837 69 738 199 482 510 722
406 621 466 770 484 828 519 813 943 159
366 293 561 579 865 180 498 864 836 80
739 888 595 157 599 61 878 406 847 763
914 20 838 245 362 745 855 914 11 51
902 510 401 747 670 160 991 552 263 337
786 734 858 562 544 58 637 861 720 945
907 196 26 157 816 673 688 850 240 760
112 336 36 136 480 26 110 995 307 435
548 886 421 2 268 177 688 801 719 27
701 923 653 732 865 109 636 10 270 341
338 452 547 363 421 697 139 260 968 855
95 287 364 690 287 827 127 502 805 935
228 872 4 344 887 153 620 381 653 982
465 895 850 581 633 110 44 518 626 556
878 738 164 322 356 777 587 369 958 862
49 846 761 396 752 471 551 323 790 788
914 342 618 768 417 41 965 949 334 880
528 405 895 531 421 818 613 280 818 457
607 69 40 466 242 952 194 992 349 687
927 451 7 147 483 195 994 32 157 961
676 967 36 826 831 388 948 51 117 527
284 793 858 334 183 974 29 849 193 317
783 612 96 748 146 449 955 262 55 110
553 206 575 284 317 287 584 624 771 19
50 868 70 314 616 546 873 346 187 451
870 16 952 271 26 587 437 388 951 767
69 189 45 392 166 283 680 196 11 369
583 555 894 904 222 437 409 354 896 489
780 716 89 700 148 985 7 543 162 822
555 828 160 643 883 976 50 793 8 503
876 464 717 967 124 246 934 715 735 404
526 243 348 401 151 302 711 568 286 589
424 307 156 447 791 107 678 539 565 421
739 861 220 452 406 180 410 928 628 739
989 866 486 320 442 174 682 959 386 819
363 969 91 485 92 83 589 26 885 694
332 416 272 821 685 917 32 328 64 269
274 469 490 957 644 131 847 915 551 145
516 541 784 20 714 701 815 451 308 304
472 372 667 559 847 233 19 140 122 317
894 732 41 773 48 917 807 601 784 449
439 21 31 233 756 703 715 161 920 300
722 404 59 199 659 711 458 846 428 648
615 612 801 60 23 159 430 753 717 176
243 996 689 545 852 681 205 510 315 329
9 503 827 399 720 931 760 926 999 795
158 243 924 511 223 377 523 337 761 395
765 156 296 242 346 866 293 513 785 699
833 514 280 706 206 776 358 355 908 722
789 666 67 192 246 762 80 267 231 750
836 1 615 105 178 189 368 8 340 129
696 556 612 849 542 413 384 669 279 868
522 411 659 88 983 855 632 56 655 522
949 591 1000 794 814 78 293 811 163 227
841 703 924 904 926 642 434 55 167 310
305 734 807 700 793 356 679 406 525 898
391 602 886 262 453 841 970 688 243 796
171 367 478 182 317 439 556 265 998 959
249 571 54 392 434 468 317 202 701 235
266 744 388 60 124 198 242 407 100 784
931 385 889 383 488 84 349 797 392 563
869 808 109 417 560 256 733 505 83 55
602 183 193 687 503 373 744 458 776 582
840 733 202 989 962 932 274 159 890 715
82 807 101 946 135 135 426 763 311 853
493 226 357 495 68 585 192 942 887 999
17 237 334 83 686 713 492 75 790 373
650 846 983 601 558 799 546 438 152 114
117 510 140 104 444 924 777 585 720 156
361 755 967 226 761 823 308 569 747 802
184 748 396 53 430 732 213 186 633 669
668 489 228 952 221 279 30 405 230 61
408 428 211 702 18 404 687 61 100 755
744 827 940 204 88 398 587 710 333 419
881 979 496 567 880 659 583 373 334 564
966 876 963 465 767 296 730 695 192 174
642 300 484 491 612 659 452 609 246 482
844 463 530 270 799 336 621 127 73 767
613 681 274 672 975 357 670 414 94 209
473 335 418 405 788 320 266 809 317 273
645 692 140 330 380 32 63 251 986 179
557 464 532 125 579 918 268 268 942 191
23 653 903 335 713 31 41 196 153 174
261 276 781 46 185 103 780 910 698 538
589 361 572 587 964 394 150 382 897 563
425 994 288 106 711 854 190 209 851 679
863 655 705 697 326 634 126 516 601 513
582 187 793 1000 656 906 100 542 602 428
500 732 341 112 566 786 165 670 403 534
76 543 250 259 177 207 780 191 387 915
711 799 835 360 37 595 965 373 83 457
623 206 85 323 518 18 193 403 339 691
0 900 211 119 957 475 585 664 497 832
164 749 651 980 452 707 110 917 381 790
170 698 553 261 208 270 405 714 209 417
83 759 300 326 395 804 95 839 314 474
697 621 338 757 156 777 89 202 127 662
914 64 453 604 829 308 82 115 770 283
40 522 332 68 341 385 44 922 635 227
890 974 796 135 681 821 496 813 178 918
241 107 984 545 961 553 203 678 630 427
875 44 864 835 392 321 290 154 666 509
142 804 497 916 470 85 738 391 14 686
991 525 331 764 543 843 861 858 357 306
534 900 562 533 925 684 434 370 631 961
518 256 944 587 417 313 540 837 964 807
974 511 62 779 933 308 417 165 704 507
872 395 76 989 163 271 318 382 122 456
554 921 905 626 575 341 629 234 816 771
432 68 377 765 219 61 461 760 967 201
435 431 134 383 834 430 551 546 164 115
90 350 178 913 830 296 31 544 832 363
617 688 144 51 99 683 886 364 746 810
368 303 418 967 480 693 56 883 581 628
456 200 667 775 472 510 277 615 186 304
999 408 183 412 269 373 14 613 597 423
783 396 479 100 9 711 544 29 215 335
264 381 575 390 919 436 603 206 45 827
385 744 640 689 799 655 847 781 436 166
929 758 426 505 211 477 71 74 499 187
801 310 727 35 913 600 134 513 714 458
221 346 152 907 211 143 628 992 395 42
981 415 979 879 127 665 431 434 905 524
722 849 49 197 969 978 230 299 247 425
9 707 936 712 648 800 952 570 727 21
436 604 336 479 364 373 730 310 190 550
394 791 995 596 4 531 735 522 959 52
31 43 847 725 214 762 271 823 288 826
414 393 191 671 764 207 524 234 477 680
570 790 15 953 401 731 148 811 719 395
818 837 195 726 228 948 549 500 429 710
805 638 566 561 983 538 505 654 853 541
147 516 154 772 54 377 686 328 835 850
444 272 965 835 539 197 852 984 834 402
484 978 290 870 29 116 814 167 635 190
495 220 396 84 888 883 665 717 500 187
601 277 547 741 843 248 374 146 121 464
372 476 176 975 363 474 665 6 43 186
313 819 881 245 175 105 598 611 619 482
162 8 223 362 397 247 997 811 992 86
810 663 216 365 710 313 752 98 13 14
213 942 511 3 761 53 73 315 657 418
224 798 718 968 657 994 562 169 446 314
785 994 218 77 396 178 841 612 860 160
21 38 335 177 965 645 976 136 568 230
317 329 462 63 698 454 547 527 11 994
447 334 223 981 445 301 914 291 787 809
540 399 539 395 622 543 541 384 531 972
236 721 322 676 370 590 763 568 103 991
932 661 308 368 964 735 912 760 190 172
296 703 657 335 55 209 713 284 193 486
161 474 94 957 35 878 34 92 856 634
967 221 583 564 653 494 864 133 603 730
48 160 32 449 567 738 857 821 23 172
875 726 849 437 623 86 384 922 822 843
188 759 933 674 650 192 674 501 86 410
950 489 832 181 715 851 817 557 728 889
108 229 593 488 905 688 578 302 248 717
421 427 166 378 303 977 107 90 225 307
422 201 193 518 335 805 365 13 588 40
32 981 264 515 171 258 643 163 113 583
85 144 342 892 145 636 19 851 555 351
419 558 523 337 290 270 337 408 985 768
683 149 873 192 46 292 843 882 978 941
338 698 382 675 790 285 686 822 339 631
810 85 937 931 799 341 955 230 928 486
112 75 920 545 948 188 940 671 305 804
108 28 915 999 608 310 427 62 933 835
447 268 157 352 605 405 477 950 379 692
624 474 490 245 187 740 75 121 204 301
746 943 115 37 902 968 541 499 717 670
372 393 874 129 497 763 138 79 757 602
787 951 414 269 620 852 611 708 525 123
437 168 243 128 512 548 857 44 814 176
486 165 288 63 90 602 545 391 268 805
416 352 985 644 474 358 428 963 803 322
211 461 551 477 643 230 624 827 611 328
131 62 943 966 727 989 603 536 993 664
836 35 584 866 258 123 207 629 440 361
608 232 547 89 491 828 628 638 619 674
131 306 611 471 556 944 824 287 973 71
229 266 174 510 690 483 537 424 587 679
278 491 72 838 92 719 972 149 718 598
847 704 225 495 278 961 665 770 654 398
359 549 713 592 192 296 677 730 261 836
233 153 826 26 236 3 438 614 305 15
315 248 152 393 282 685 634 96 238 523
468 949 40 529 434 55 536 4 132 536
546 852 298 740 822 354 110 728 302 896
944 23 665 164 265 334 335 807 780 505
434 933 763 462 976 746 843 385 494 520
394 292 914 62 439 820 181 398 731 261
882 57 790 984 538 736 226 134 811 780
211 458 576 998 508 382 378 597 877 399
56 885 429 201 563 959 197 483 511 724
508 194 499 149 472 92 726 362 401 32
566 174 526 276 529 949 759 289 792 279
902 919 473 991 652 362 629 259 13 538
591 436 238 901 750 640 911 134 495 239
563 754 201 324 750 485 268 930 939 973
46 665 185 51 932 912 72 349 767 405
341 169 905 232 886 593 704 650 455 115
925 295 850 343 115 875 916 509 409 649
182 109 631 44 347 873 101 476 43 520
116 316 800 152 63 903 556 282 310 139
373 976 762 944 39 502 292 913 473 163
241 886 548 446 851 629 461 790 754 439
609 600 429 121 812 724 255 673 287 649
865 353 653 162 730 272 760 680 192 747
783 452 943 56 87 758 110 109 393 29
618 103 773 94 173 472 993 979 383 24
974 492 468 990 854 312 418 16 768 799
421 930 277 226 369 407 621 110 707 417
447 254 99 998 568 11 795 282 701 654
998 861 526 330 880 663 138 910 587 556
2 515 59 253 927 714 254 745 60 425
399 605 626 208 766 861 615 357 121 935
20 250 868 841 677 416 191 882 796 704
299 976 370 629 468 771 246 846 55 210
328 764 705 279 322 882 132 881 150 927
702 104 936 679 638 5 82 576 461 610
701 759 548 436 126 684 530 725 507 271
759 105 750 719 96 795 389 413 883 933
961 691 338 673 169 373 959 902 891 664
811 358 266 584 472 779 702 374 366 878
599 253 504 617 931 111 893 749 684 263
308 879 220 728 150 783 599 249 365 695
615 525 435 912 530 654 729 465 299 416
105 586 856 344 180 492 558 614 465 559
475 258 103 408 817 685 479 441 494 407
68 313 263 292 991 523 697 978 445 902
324 924 365 986 455 520 888 177 212 174
725 232 886 344 227 434 694 463 488 674
296 466 763 706 545 152 467 977 945 643
650 507 668 67 826 790 570 826 630 617
269 591 408 224 204 35 840 114 621 613
936 733 744 849 275 610 607 15 560 8
169 508 14 595 322 786 791 987 905 694
488 575 906 29 346 371 230 453 282 606
327 822 603 565 150 98 258 774 54 22
301 390 765 176 621 935 580 582 578 17
579 610 406 383 431 777 953 463 213 256
7 191 856 239 734 515 54 20 825 999
41 92 484 808 602 340 14 174 899 161
900 26 130 797 687 943 936 655 874 730
350 550 31 673 671 801 635 34 970 643
882 785 553 656 154 938 46 222 136 878
301 235 444 892 271 883 692 399 554 547
484 792 852 581 458 570 595 477 809 17
377 725 312 841 405 171 588 983 852 182
651 816 985 432 753 924 359 564 22 895
605 205 887 581 564 701 270 607 767 980
520 134 529 437 359 345 60 930 810 785
270 751 514 484 63 426 880 509 75 367
805 311 807 689 878 425 361 439 792 462
474 327 993 187 683 88 341 975 961 559
957 858 359 599 258 590 722 198 202 788
168 860 156 224 766 686 251 523 417 305
920 303 119 114 929 444 870 918 502 366
347 683 56 692 908 386 442 912 229 480
265 173 894 580 18 134 114 741 15 703
638 158 984 71 623 349 328 849 538 858
618 884 863 273 174 596 127 749 659 89
590 200 168 679 95 574 255 450 63 728
607 730 877 742 757 744 979 679 749 281
329 792 688 970 221 858 305 761 425 992